1	Auto racing	1022	0.5921976
1	Assembly line	1146	0.5490916
1	Audi	848	0.5393014
1	August 22	1012	0.5303135
1	April 12	1009	0.5303135
1	April 30	1011	0.5303135
1	Athena	1182	0.43828446
1	Ambiguity	677	0.4345309
1	Abbreviation	1171	0.4343309
1	Amsterdam	844	0.42143467
1	Azerbaijani Armed Forces	1088	0.4191877
1	Aruba	690	0.4191877
1	Asphalt	657	0.4191877
1	Alabama	303	0.4148865
1	Alaska	624	0.4148865
1	Arsenic	897	0.4145574
1	Hercule Poirot	1000	0.4099272
1	Apple Inc.	856	0.40529692
1	Antisemitism	1078	0.40529692
1	ABBA	880	0.40066668
2	Astrometry	1181	0.546506
2	Albedo	39	0.53424275
2	Aquarius (constellation)	799	0.5193707
2	Asteroid	791	0.5014824
2	Argon	896	0.47608548
2	Athena	1182	0.43540782
2	Alkali metal	666	0.42727223
2	Atom	902	0.42727223
2	Atlantic Ocean	698	0.42542955
2	Amateur astronomy	748	0.42542955
2	Anaximander	1168	0.42542955
2	Alcohol	1014	0.42542955
2	Asteraceae	956	0.42542955
2	Apollo 8	663	0.42495748
2	Asphalt	657	0.41603547
2	Aluminium	904	0.4113384
2	Agriculture	627	0.4113384
2	Apollo	594	0.40664136
2	Adelaide	1148	0.40664136
